Config:
Namespace(model_type='llama3', dataset_type='generated', sample_idx=20, layer_num=20, num_adv=3, k=300, batch_size=600, num_top=20, num_iters=50)

Initial overlap:
0.3072916666666667

Losses across iterations:
[0.7348898649215698, 0.7672053575515747, 0.7687579393386841, 0.7671594619750977, 0.7368181347846985, 0.7343171834945679, 0.7542386054992676, 0.7664372324943542, 0.7695739269256592, 0.7840384244918823, 0.7660952210426331, 0.7521715760231018, 0.7484976649284363, 0.7828255891799927, 0.7674014568328857, 0.7717198729515076, 0.7548847794532776, 0.7291560173034668, 0.7641040682792664, 0.7473170161247253, 0.7549710869789124, 0.7536922693252563, 0.7334716320037842, 0.7414988875389099, 0.7693499326705933, 0.7408011555671692, 0.768962025642395, 0.7656430006027222, 0.766369104385376, 0.7551758289337158, 0.7544285655021667, 0.789202868938446, 0.7757166028022766, 0.7927341461181641, 0.758330225944519, 0.7531888484954834, 0.7895563840866089, 0.7611458897590637, 0.7569353580474854, 0.7611458897590637, 0.7711131572723389, 0.7673718333244324, 0.7714142799377441, 0.7745915651321411, 0.8006036877632141, 0.7769643664360046, 0.782237708568573, 0.7552891969680786, 0.7727033495903015, 0.7634599208831787]

Overlaps across iterations:
[0.421875, 0.4479166567325592, 0.4791666567325592, 0.4791666567325592, 0.4791666567325592, 0.4791666567325592, 0.4791666567325592, 0.4791666567325592, 0.4791666567325592, 0.4791666567325592, 0.4791666567325592, 0.484375, 0.484375, 0.484375, 0.484375, 0.484375, 0.4895833432674408, 0.4947916567325592, 0.5, 0.5, 0.5, 0.5, 0.5, 0.5, 0.5, 0.5, 0.5, 0.5, 0.5, 0.5, 0.515625, 0.515625, 0.515625, 0.515625, 0.515625, 0.515625, 0.515625, 0.515625, 0.515625, 0.515625, 0.515625, 0.515625, 0.515625, 0.515625, 0.53125, 0.53125, 0.53125, 0.53125, 0.53125, 0.53125]

Best loss: 0.7634599208831787
Best overlap: 0.53125
Best x1:
The film explores love and trauma through non-linear storytelling, blending magical realism with emotionally raw performanceserialization METHOD TERMS
