Config:
Namespace(model_type='llama3', dataset_type='generated', sample_idx=62, layer_num=20, num_adv=3, k=300, batch_size=600, num_top=20, num_iters=50)

Initial overlap:
0.4010416666666667

Losses across iterations:
[0.7950470447540283, 0.7787986397743225, 0.7830764651298523, 0.7877291440963745, 0.800372302532196, 0.7905533313751221, 0.8033513426780701, 0.8251324892044067, 0.8336312174797058, 0.8287632465362549, 0.818326473236084, 0.7884675860404968, 0.7995961904525757, 0.7934221625328064, 0.8356348872184753, 0.815412163734436, 0.8024260401725769, 0.8104737997055054, 0.8019440770149231, 0.786922037601471, 0.804886519908905, 0.8000159859657288, 0.8086284399032593, 0.8104398846626282, 0.8058760762214661, 0.7984482645988464, 0.7997003793716431, 0.7970385551452637, 0.7899987101554871, 0.7904230356216431, 0.7963631749153137, 0.7977780103683472, 0.803037166595459, 0.8028951287269592, 0.8027983903884888, 0.8050447106361389, 0.8030858039855957, 0.8080208897590637, 0.8088760375976562, 0.8190178275108337, 0.8240709900856018, 0.8083701729774475, 0.8025547862052917, 0.8092313408851624, 0.8053705096244812, 0.7983629107475281, 0.8045192956924438, 0.7934951186180115, 0.8025192618370056, 0.8000364899635315]

Overlaps across iterations:
[0.546875, 0.5520833134651184, 0.5520833134651184, 0.5520833134651184, 0.5520833134651184, 0.5520833134651184, 0.5572916865348816, 0.5833333134651184, 0.5833333134651184, 0.5989583134651184, 0.5989583134651184, 0.5989583134651184, 0.5989583134651184, 0.5989583134651184, 0.5989583134651184, 0.5989583134651184, 0.5989583134651184, 0.5989583134651184, 0.5989583134651184, 0.5989583134651184, 0.5989583134651184, 0.5989583134651184, 0.5989583134651184, 0.5989583134651184, 0.5989583134651184, 0.5989583134651184, 0.5989583134651184, 0.5989583134651184, 0.5989583134651184, 0.5989583134651184, 0.5989583134651184, 0.5989583134651184, 0.5989583134651184, 0.5989583134651184, 0.5989583134651184, 0.5989583134651184, 0.5989583134651184, 0.5989583134651184, 0.5989583134651184, 0.5989583134651184, 0.5989583134651184, 0.5989583134651184, 0.5989583134651184, 0.5989583134651184, 0.5989583134651184, 0.5989583134651184, 0.609375, 0.609375, 0.609375, 0.609375]

Best loss: 0.8000364899635315
Best overlap: 0.609375
Best x1:
Museums narrate cultural history through curated artifacts, architectural design, and interpretive storytelling across time and geography OECD articles："
