Config:
Namespace(model_type='llama3', dataset_type='generated', sample_idx=66, layer_num=20, num_adv=3, k=300, batch_size=600, num_top=20, num_iters=50)

Initial overlap:
0.3854166666666667

Losses across iterations:
[0.725501537322998, 0.7287579774856567, 0.758484959602356, 0.7586920857429504, 0.7539804577827454, 0.7630000710487366, 0.7403176426887512, 0.7498037815093994, 0.7201215624809265, 0.7145282626152039, 0.7572630047798157, 0.730580747127533, 0.7464130520820618, 0.7544113397598267, 0.7560685276985168, 0.7552668452262878, 0.7505267262458801, 0.7347292900085449, 0.739351749420166, 0.7583895325660706, 0.7692438960075378, 0.758561909198761, 0.7626729607582092, 0.7630543112754822, 0.7630543112754822, 0.7603940963745117, 0.7631698846817017, 0.7720188498497009, 0.7625830173492432, 0.7763186693191528, 0.7706924676895142, 0.7609825134277344, 0.755135715007782, 0.7622738480567932, 0.7513097524642944, 0.7523517608642578, 0.7442116737365723, 0.756753146648407, 0.7423344850540161, 0.7284805178642273, 0.7280791997909546, 0.7387244701385498, 0.7412821650505066, 0.7544530034065247, 0.7458332180976868, 0.7304348349571228, 0.7537658214569092, 0.7773880362510681, 0.7715784907341003, 0.7624717950820923]

Overlaps across iterations:
[0.5, 0.5208333134651184, 0.5260416865348816, 0.5364583134651184, 0.5364583134651184, 0.5364583134651184, 0.5364583134651184, 0.5364583134651184, 0.5364583134651184, 0.5364583134651184, 0.5364583134651184, 0.5364583134651184, 0.5364583134651184, 0.546875, 0.546875, 0.546875, 0.546875, 0.546875, 0.546875, 0.546875, 0.5520833134651184, 0.5520833134651184, 0.5520833134651184, 0.5572916865348816, 0.5572916865348816, 0.5572916865348816, 0.5572916865348816, 0.5572916865348816, 0.5572916865348816, 0.5729166865348816, 0.5729166865348816, 0.5729166865348816, 0.5729166865348816, 0.5729166865348816, 0.5729166865348816, 0.5729166865348816, 0.5729166865348816, 0.5729166865348816, 0.5729166865348816, 0.5729166865348816, 0.5729166865348816, 0.5729166865348816, 0.5729166865348816, 0.5729166865348816, 0.5729166865348816, 0.5729166865348816, 0.5729166865348816, 0.5729166865348816, 0.5885416865348816, 0.5885416865348816]

Best loss: 0.7624717950820923
Best overlap: 0.5885416865348816
Best x1:
The composer’s symphonies echo protest movements and social unrest, transforming political struggle into melodic and rhythmic tensionnone tackled nanoparticles
