Config:
Namespace(model_type='llama3', dataset_type='generated', sample_idx=48, layer_num=20, num_adv=3, k=300, batch_size=600, num_top=20, num_iters=50, out_path=None)

Initial overlap:
0.359375

Losses across iterations:
[0.704431414604187, 0.6947611570358276, 0.7244712710380554, 0.7008068561553955, 0.7241824865341187, 0.7521114945411682, 0.7914371490478516, 0.763925313949585, 0.7529940009117126, 0.7512138485908508, 0.7567045092582703, 0.7631085515022278, 0.7782949209213257, 0.8139553070068359, 0.8392374515533447, 0.8346680402755737, 0.852557897567749, 0.83086097240448, 0.8438425660133362, 0.842178225517273, 0.8523105978965759, 0.8282713294029236, 0.852557897567749, 0.8439456820487976, 0.834212601184845, 0.8395280241966248, 0.8415542244911194, 0.8407709002494812, 0.8346680402755737, 0.8346680402755737, 0.852557897567749, 0.8361485600471497, 0.8439456820487976, 0.8224908113479614, 0.8373671770095825, 0.8444591164588928, 0.836958646774292, 0.852557897567749, 0.83086097240448, 0.8438425660133362, 0.8394302129745483, 0.852557897567749, 0.8439456820487976, 0.834212601184845, 0.8395280241966248, 0.8415542244911194, 0.8430435657501221, 0.8236584067344666, 0.8399031162261963, 0.8437056541442871]

Overlaps across iterations:
[0.4322916567325592, 0.4322916567325592, 0.4583333432674408, 0.4583333432674408, 0.4739583432674408, 0.4791666567325592, 0.5364583134651184, 0.5364583134651184, 0.5364583134651184, 0.5364583134651184, 0.5364583134651184, 0.5364583134651184, 0.5364583134651184, 0.5520833134651184, 0.5989583134651184, 0.5989583134651184, 0.609375, 0.609375, 0.609375, 0.609375, 0.609375, 0.609375, 0.609375, 0.609375, 0.609375, 0.609375, 0.609375, 0.609375, 0.609375, 0.609375, 0.609375, 0.609375, 0.609375, 0.609375, 0.609375, 0.609375, 0.609375, 0.609375, 0.609375, 0.609375, 0.609375, 0.609375, 0.609375, 0.609375, 0.609375, 0.609375, 0.609375, 0.609375, 0.609375, 0.609375]

Best loss: 0.8437056541442871
Best overlap: 0.609375
Best x1:
The commemorative statue honors a once-forgotten civil rights activist, reclaiming public space for historical memoryVintage%

 Biology
